age
37
64
41
54
60
38
44
15
60
48
55
38
42
44
65
34
66
80
50
61
52
52
35
47
25
50
55
55
34
42
44
45
47
54
56
61
63
67
69
72
62
71
52
80
59
74
77
36
51
53
60
43
67
51
60
70
50
66
16
19
49
26
56
37
15
20
34
43
59
59
60
60
64
66
68
80
63
41
48
26
9
43
45
52
51
56
65
86
66
38
46
47
69
47
62
65
37
64
22
33
51
51
16
29
31
41
42
42
45
45
47
47
48
49
49
49
55
56
57
60
66
73
74
79
57
61
36
50
37
60
47
44
56
59
43
41
29
35
36
39
39
40
42
42
43
44
48
49
49
52
53
53
55
55
57
63
64
64
65
67
68
70
71
77
77
84
87
87
61
44
48
45
48
83
41
59
74
71
44
17
45
59
33
48
49
65
69
51
52
47
